52.43271,-4.019372
52.43271,-4.019372
52.43271,-4.019372
52.43271,-4.019372
52.432708,-4.019372
52.432708,-4.019372
52.432707,-4.019375
52.432702,-4.019383
52.432692,-4.019408
52.432673,-4.019447
52.432647,-4.019497
52.432622,-4.019547
52.432592,-4.019598
52.432558,-4.019662
52.432523,-4.019745
52.432483,-4.019845
52.432438,-4.019952
52.432393,-4.020062
52.432345,-4.020162
52.432293,-4.020255
52.432235,-4.020352
52.432168,-4.020455
52.432095,-4.020567
52.43202,-4.020683
52.431947,-4.020802
52.431875,-4.020915
52.431807,-4.021028
52.431742,-4.021147
52.431682,-4.02127
52.43162,-4.021392
52.431557,-4.021513
52.431493,-4.02163
52.43143,-4.021745
52.43137,-4.021852
52.431317,-4.021945
52.431273,-4.022025
52.431238,-4.022087
52.431213,-4.02213
52.4312,-4.022153
52.431193,-4.022163
52.431192,-4.022167
52.431185,-4.02218
52.43117,-4.022208
52.431145,-4.022255
52.431117,-4.022307
52.431087,-4.022365
52.431048,-4.022437
52.431007,-4.022518
52.43096,-4.022615
52.430908,-4.02272
52.430852,-4.022838
52.430793,-4.022972
52.430737,-4.023127
52.430683,-4.02329
52.430637,-4.023447
52.4306,-4.023608
52.430568,-4.023775
52.43054,-4.023942
52.430512,-4.024108
52.430483,-4.024273
52.43045,-4.024442
52.430412,-4.024612
52.43037,-4.024785
52.430332,-4.024963
52.430302,-4.025147
52.430273,-4.025335
52.430243,-4.025518
52.430202,-4.0257
52.43017,-4.025888
52.430142,-4.026078
52.430128,-4.026267
52.430115,-4.026457
52.430107,-4.02664
52.430105,-4.026817
52.430095,-4.026995
52.43008,-4.027175
52.43006,-4.02736
52.430035,-4.027548
52.430008,-4.027745
52.429975,-4.027935
52.429937,-4.028137
52.42989,-4.028335
52.429857,-4.028542
52.429758,-4.028695
52.4297,-4.028895
52.42964,-4.02908
52.429582,-4.029265
52.429522,-4.029435
52.429473,-4.029652
52.429403,-4.029807
52.429328,-4.029953
52.429253,-4.030098
52.429183,-4.03024
52.429122,-4.030392
52.429067,-4.030545
52.429015,-4.030693
52.428967,-4.030827
52.42892,-4.030957
52.428868,-4.031085
52.428813,-4.031217
52.42876,-4.031355
52.428705,-4.031503
52.428648,-4.031652
52.428595,-4.031803
52.428542,-4.031947
52.428488,-4.032088
52.428438,-4.032227
52.428388,-4.032362
52.42834,-4.032488
52.428293,-4.03261
52.428247,-4.032727
52.4282,-4.032837
52.428157,-4.032933
52.428122,-4.033017
52.428097,-4.033077
52.428082,-4.033108
52.428078,-4.033115
52.42808,-4.033113
52.428082,-4.033112
52.428083,-4.033112
52.428083,-4.033112
52.428083,-4.033113
52.428077,-4.03313
52.428057,-4.033165
52.428027,-4.033215
52.427985,-4.033257
52.427938,-4.033295
52.427883,-4.033333
52.427813,-4.033377
52.427733,-4.03343
52.427647,-4.033483
52.42756,-4.033538
52.427468,-4.033595
52.427375,-4.033658
52.427275,-4.033728
52.427167,-4.033808
52.427052,-4.033898
52.426927,-4.033993
52.426798,-4.03409
52.426673,-4.034183
52.426545,-4.034268
52.42641,-4.03436
52.42627,-4.034452
52.426123,-4.034547
52.425972,-4.03465
52.425823,-4.034758
52.425683,-4.034872
52.425552,-4.034997
52.425423,-4.035132
52.4253,-4.035283
52.425177,-4.035442
52.425052,-4.035602
52.424922,-4.035758
52.42479,-4.035908
52.424653,-4.036057
52.424515,-4.0362
52.424377,-4.036342
52.424242,-4.036473
52.42411,-4.036595
52.423985,-4.0367
52.42386,-4.036773
52.423737,-4.036818
52.423617,-4.036838
52.423513,-4.03681
52.423392,-4.036813
52.423288,-4.036833
52.423172,-4.036852
52.423058,-4.036872
52.422957,-4.036893
52.42286,-4.036945
52.42277,-4.037025
52.422673,-4.037105
52.422582,-4.037202
52.42249,-4.037312
52.422398,-4.037407
52.422307,-4.037502
52.422215,-4.037597
52.42211,-4.037677
52.422013,-4.037742
52.421908,-4.037792
52.421812,-4.037842
52.421708,-4.037877
52.42161,-4.037927
52.421507,-4.037962
52.421415,-4.038027
52.421317,-4.038092
52.421218,-4.038172
52.421127,-4.038267
52.421033,-4.038362
52.420942,-4.038457
52.42085,-4.038552
52.420757,-4.038647
52.420672,-4.038727
52.420592,-4.038822
52.420513,-4.038903
52.420433,-4.03897
52.420365,-4.039052
52.420292,-4.039133
52.420207,-4.039215
52.420127,-4.039295
52.420053,-4.039362
52.419982,-4.03943
52.419913,-4.039512
52.41986,-4.039577
52.419785,-4.03967
52.419708,-4.039757
52.41963,-4.03984
52.41955,-4.039928
52.419465,-4.04002
52.419377,-4.040113
52.419283,-4.040205
52.419187,-4.040293
52.419088,-4.040382
52.418988,-4.040465
52.418888,-4.040545
52.418788,-4.040622
52.418687,-4.040693
52.418585,-4.04076
52.418482,-4.040827
52.418377,-4.040895
52.418272,-4.04097
52.418168,-4.041052
52.41807,-4.041133
52.417977,-4.041217
52.417883,-4.041298
52.417792,-4.041378
52.417698,-4.041448
52.417605,-4.041522
52.417508,-4.04159
52.417412,-4.041653
52.417313,-4.041718
52.417213,-4.041783
52.417113,-4.041843
52.417013,-4.0419
52.416913,-4.041947
52.416815,-4.041972
52.416717,-4.041965
52.41662,-4.04192
52.41653,-4.041837
52.416445,-4.04173
52.416363,-4.041617
52.416282,-4.041512
52.416205,-4.041418
52.416135,-4.041337
52.416077,-4.04127
52.41603,-4.04122
52.416,-4.041192
52.415987,-4.04118
52.415983,-4.041175
52.415983,-4.041173
52.415985,-4.041172
52.415985,-4.04117
52.415987,-4.04117
52.41599,-4.04117
52.415992,-4.041168
52.41599,-4.041165
52.41598,-4.04116
52.415955,-4.041162
52.415922,-4.04118
52.415883,-4.041223
52.415847,-4.041273
52.415813,-4.04132
52.415783,-4.041363
52.415752,-4.04141
52.415717,-4.041465
52.415677,-4.041528
52.41563,-4.041607
52.415578,-4.041698
52.415522,-4.041805
52.415463,-4.041927
52.415405,-4.042055
52.415352,-4.042182
52.415297,-4.042317
52.415237,-4.042467
52.415172,-4.042628
52.415105,-4.042798
52.415038,-4.04297
52.414977,-4.043137
52.414917,-4.043298
52.414857,-4.043463
52.4148,-4.043633
52.414743,-4.043808
52.414692,-4.043988
52.414648,-4.044172
52.414612,-4.044353
52.414577,-4.044533
52.414538,-4.044708
52.414488,-4.044872
52.414427,-4.045022
52.414355,-4.04516
52.414278,-4.045292
52.414202,-4.045423
52.414123,-4.045552
52.414047,-4.045678
52.413972,-4.045802
52.413897,-4.045922
52.413825,-4.046042
52.413757,-4.046165
52.413692,-4.046292
52.413637,-4.04643
52.413593,-4.046578
52.413558,-4.046732
52.413532,-4.046895
52.4135,-4.04705
52.413472,-4.047205
52.413447,-4.047357
52.413423,-4.047505
52.413398,-4.047652
52.413373,-4.047798
52.413348,-4.047943
52.413322,-4.04809
52.413293,-4.048237
52.413263,-4.048383
52.413233,-4.048532
52.413202,-4.048682
52.413168,-4.04883
52.413135,-4.048978
52.413098,-4.049123
52.413062,-4.04927
52.413023,-4.049413
52.412983,-4.049557
52.412943,-4.049698
52.412903,-4.049842
52.412862,-4.049982
52.41282,-4.050123
52.412777,-4.050263
52.412735,-4.050403
52.412692,-4.050547
52.412648,-4.050688
52.412607,-4.050838
52.412563,-4.050988
52.41252,-4.051142
52.412475,-4.051295
52.412428,-4.051448
52.412382,-4.051602
52.412333,-4.051758
52.412285,-4.051917
52.412237,-4.052073
52.412188,-4.05223
52.412142,-4.052388
52.412093,-4.052547
52.412047,-4.052703
52.411998,-4.052862
52.41195,-4.053022
52.411903,-4.053182
52.411855,-4.053342
52.41181,-4.0535
52.411763,-4.05366
52.411717,-4.053817
52.411675,-4.053967
52.41163,-4.05411
52.411585,-4.054248
52.411545,-4.054377
52.41151,-4.054492
52.41148,-4.054588
52.411452,-4.054663
52.41142,-4.054725
52.411385,-4.054752
52.411348,-4.054743
52.411312,-4.05472
52.411272,-4.054665
52.41123,-4.054622
52.411187,-4.054572
52.411155,-4.05451
52.411143,-4.054438
52.411148,-4.054362
52.411172,-4.054292
52.411208,-4.054232
52.411245,-4.054163
52.411277,-4.054095
52.411293,-4.05401
52.411295,-4.053927
52.411277,-4.053842
52.41124,-4.053763
52.411202,-4.05369
52.411155,-4.053608
52.411108,-4.053523
52.41106,-4.053435
52.411013,-4.053348
52.41097,-4.053273
52.410933,-4.053207
52.410905,-4.053148
52.410875,-4.053092
52.410843,-4.05304
52.410812,-4.052985
52.410777,-4.052923
52.41074,-4.052855
52.410695,-4.052773
52.410648,-4.052688
52.4106,-4.052602
52.41055,-4.052515
52.410502,-4.052422
52.410455,-4.052342
52.410412,-4.052268
52.410373,-4.052197
52.41034,-4.052133
52.410312,-4.052085
52.41029,-4.052045
52.41027,-4.05201
52.41025,-4.051975
52.41023,-4.051937
52.41021,-4.051895
52.410197,-4.051847
52.410247,-4.051885
52.410253,-4.051842
52.41028,-4.051798
52.410313,-4.051757
52.41034,-4.0517
52.410355,-4.051643
52.41035,-4.051568
52.410338,-4.051523
52.410315,-4.051478
52.410292,-4.051432
52.410268,-4.0514
52.41025,-4.05134
52.410238,-4.05131
52.410213,-4.051278
52.41019,-4.051247
52.410145,-4.051242
52.410107,-4.051268
52.41008,-4.05131
52.41004,-4.051352
52.410008,-4.051393
52.409935,-4.051308
52.409892,-4.051385
52.409853,-4.051465
52.409818,-4.051533
52.409775,-4.051592
52.409755,-4.051652
52.409747,-4.051688
52.409747,-4.051723
52.409755,-4.05175
52.409763,-4.051775
52.409773,-4.051788
52.40978,-4.051792
52.409783,-4.05179
52.409785,-4.051787
52.409783,-4.051785
52.409783,-4.051783
52.409782,-4.051783
52.409782,-4.051783
52.40978,-4.051782
52.409778,-4.051782
52.409778,-4.051782
52.409777,-4.051782
52.409775,-4.051782
52.409775,-4.051782
52.409772,-4.05178
52.40977,-4.051778
52.409768,-4.051778
52.409767,-4.051778
52.409767,-4.051778
52.409767,-4.05178
52.409767,-4.051778
52.409767,-4.051778
52.409768,-4.051777
52.409768,-4.051777
52.40977,-4.051777
